5.061208824050851E-6 1200000000 1 40304
2.6356874912288133E-6 1200000000 1 40523
3.060859702176567E-5 1200000000 1 40475
1.7012520749884484E-5 1200000000 1 40304
1.146666476692002E-5 1200000000 1 40351
2.7002472340603355E-6 1200000000 1 40491
1.0775932313999719E-5 1200000000 1 40413
1.75973131748795E-5 1200000000 1 40303
1.9829889572169984E-6 1200000000 1 40303
2.0701569267728967E-6 1200000000 1 40287
0.9999628849040035 1200000000 2 23464
0.9999609304813024 1200000000 2 21215
1.0000007107288118 1200000000 2 22122
0.9999913396857624 1200000000 2 21033
0.9999824439854766 1200000000 2 22701
1.0000252863740908 1200000000 2 23078
1.0000649562741732 1200000000 2 21073
1.000033401154123 1200000000 2 20970
1.0000529453811347 1200000000 2 20612
1.0000178379227542 1200000000 2 21890
2.000022411954185 1200000000 3 15483
2.0000169083762533 1200000000 3 15184
2.0000208044892602 1200000000 3 15278
2.00000511499497 1200000000 3 15559
1.9999937799799228 1200000000 3 15233
1.9999952187406087 1200000000 3 15561
1.9999761360629318 1200000000 3 15139
1.9999784533589033 1200000000 3 14919
2.000047256040802 1200000000 3 14905
2.000018700460912 1200000000 3 15482
2.999900886463171 1200000000 4 11704
3.000076809971067 1200000000 4 11609
3.000082297633505 1200000000 4 11829
2.999944431255601 1200000000 4 11531
3.000110028790789 1200000000 4 11781
3.00005505455138 1200000000 4 11890
3.000007622134207 1200000000 4 11765
2.99991593615459 1200000000 4 11999
2.999980349343158 1200000000 4 11593
2.9998657110986824 1200000000 4 11717
3.999996328417811 1200000000 5 9423
4.000144273547744 1200000000 5 9484
4.000059157484179 1200000000 5 9578
4.000012774428598 1200000000 5 9407
4.000007511705146 1200000000 5 9438
3.9998814875160407 1200000000 5 9436
4.000069476029656 1200000000 5 9484
4.000007596587782 1200000000 5 9501
3.999890962540319 1200000000 5 9484
4.000146666177056 1200000000 5 9765
4.999994028016733 1200000000 6 8063
5.000035898499161 1200000000 6 8062
4.999910764516705 1200000000 6 8079
4.9999154500382295 1200000000 6 8108
5.000011165821006 1200000000 6 8048
4.99992808694071 1200000000 6 8095
5.000147472480466 1200000000 6 8061
5.000141762001109 1200000000 6 8047
4.999924961137629 1200000000 6 8094
4.99996441883112 1200000000 6 8283
6.9998457591084815 1200000000 8 6485
6.999872675392457 1200000000 8 6470
6.999859068705855 1200000000 8 6516
7.000058474995089 1200000000 8 6283
6.9999024182682215 1200000000 8 6282
7.000049078487248 1200000000 8 6517
6.999964280733568 1200000000 8 6267
7.000090484237243 1200000000 8 6407
6.999962328432933 1200000000 8 6268
6.999993013505962 1200000000 8 6283
9.000178730184755 1200000000 10 7140
9.000163705958128 1200000000 10 7126
9.00002172913856 1200000000 10 6501
8.999863603397433 1200000000 10 6720
9.000198157698142 1200000000 10 6954
9.000095619473473 1200000000 10 6828
8.999880823962275 1200000000 10 6892
8.999726730146374 1200000000 10 6689
8.999809310341181 1200000000 10 6892
8.999853512974042 1200000000 10 6595
10.999904264139026 1200000000 12 6828
11.000081537280842 1200000000 12 6485
11.000263559606154 1200000000 12 6593
11.000486987681468 1200000000 12 6579
10.999993225386017 1200000000 12 6610
11.000143365793134 1200000000 12 6437
10.999841162387192 1200000000 12 6501
11.000413228914642 1200000000 12 7172
11.000397809983754 1200000000 12 6594
10.999991277329515 1200000000 12 6500
