7.280849754957873E-4 1200000 1 47
6.830888532522667E-4 1200000 1 62
5.92901052166834E-4 1200000 1 63
4.3842297906861914E-4 1200000 1 47
0.0011599253877517986 1200000 1 63
1.8882224082120867E-5 1200000 1 47
0.0011524981570742695 1200000 1 62
3.605348352526994E-4 1200000 1 47
1.57249246272933E-4 1200000 1 47
1.1374689516114598E-4 1200000 1 62
0.998521352800377 1200000 2 46
1.000195662801704 1200000 2 32
1.0006603952355322 1200000 2 47
1.0001892966039803 1200000 2 47
0.9984046391754431 1200000 2 31
1.00031025436073 1200000 2 47
0.9997415406974149 1200000 2 31
1.0007007144877822 1200000 2 31
1.0009023107490318 1200000 2 31
0.9992110242204422 1200000 2 31
2.0000133815027143 1200000 3 31
1.99891521239538 1200000 3 31
1.999736451901734 1200000 3 46
2.0000802265788127 1200000 3 32
1.9981990151514664 1200000 3 46
2.0007359449443514 1200000 3 31
1.9971772404168167 1200000 3 31
1.999364029334899 1200000 3 47
2.0011529308952523 1200000 3 47
2.0004940294308518 1200000 3 46
3.000960039266723 1200000 4 47
3.0016772975435906 1200000 4 31
3.0011977106484067 1200000 4 47
2.997501071836859 1200000 4 31
3.0017070064663005 1200000 4 31
3.001257128493828 1200000 4 47
3.0050131851507964 1200000 4 46
3.002606762411247 1200000 4 31
2.999330292649462 1200000 4 47
3.0001451659580924 1200000 4 47
3.9997039926183398 1200000 5 31
4.001120471611857 1200000 5 32
4.001704039736528 1200000 5 31
4.003677561030868 1200000 5 32
4.00029817107255 1200000 5 47
3.9999108940443593 1200000 5 47
4.002276997531658 1200000 5 47
4.001518358969587 1200000 5 31
4.000420189862253 1200000 5 47
4.000765025572286 1200000 5 31
5.0008989320935715 1200000 6 47
4.996092452812197 1200000 6 47
5.00359819992841 1200000 6 47
5.00444490422566 1200000 6 47
4.998059607908813 1200000 6 47
5.002407720954082 1200000 6 46
5.000052227796323 1200000 6 63
5.003419946392147 1200000 6 47
5.004043833769067 1200000 6 63
5.001465523690979 1200000 6 47
7.004220397977601 1200000 8 79
7.00129194702471 1200000 8 62
6.999025580635081 1200000 8 63
7.00119008786113 1200000 8 47
7.004458069359284 1200000 8 62
7.002582163096708 1200000 8 47
6.997175139163399 1200000 8 62
7.002853787532919 1200000 8 62
7.001622989306341 1200000 8 62
6.999594294298396 1200000 8 63
8.998442445248589 1200000 10 78
8.996129393408987 1200000 10 78
9.00746122535713 1200000 10 78
8.99997033270227 1200000 10 78
9.003195872882268 1200000 10 63
8.996267327693 1200000 10 62
8.988298970208865 1200000 10 78
8.995174463750434 1200000 10 62
8.999736905452403 1200000 10 78
9.00294122497332 1200000 10 79
11.006547047689004 1200000 12 93
11.012225696058525 1200000 12 94
11.00047369506062 1200000 12 94
10.998742089279778 1200000 12 94
10.990924398475107 1200000 12 78
11.000588286619648 1200000 12 94
10.993610933914496 1200000 12 78
10.996959553917149 1200000 12 94
11.003605864340669 1200000 12 78
10.998703892093438 1200000 12 94
