2.4574339550597154E-6 120000000 1 4046
3.2906794400039856E-5 120000000 1 4046
3.7779220991882426E-5 120000000 1 4046
1.0527152719237674E-4 120000000 1 4046
5.479092540519435E-6 120000000 1 4048
1.855330386632337E-5 120000000 1 4046
9.755781761718565E-5 120000000 1 4046
3.011856306439606E-5 120000000 1 4047
1.0582661049034393E-5 120000000 1 4032
2.0378280547139356E-5 120000000 1 4046
0.999905396016493 240000000 2 4139
1.0000182474814747 240000000 2 4313
1.0000879679568784 240000000 2 4202
1.0001441072104715 240000000 2 4328
1.0001421655201659 240000000 2 4155
0.9998750929153281 240000000 2 4202
0.9999683364913211 240000000 2 4171
0.999965503533334 240000000 2 4139
0.9999534820299657 240000000 2 4296
1.0002045860888464 240000000 2 4202
2.000081648362971 360000000 3 4422
1.9999638737050829 360000000 3 4297
2.0000544328677026 360000000 3 4625
1.999993412862521 360000000 3 4453
1.9999956622523833 360000000 3 4656
1.9999611892917095 360000000 3 4438
2.0000454246979236 360000000 3 4734
2.0000279070438536 360000000 3 4561
1.9999741338937478 360000000 3 4407
2.0000367136173716 360000000 3 4718
3.0000178950552665 480000000 4 4860
2.9999667108255683 480000000 4 4734
3.000122385580571 480000000 4 4812
2.99996483279724 480000000 4 4718
2.999865965746591 480000000 4 4782
2.999926349132 480000000 4 4609
3.0000832334645704 480000000 4 4656
2.9999435060348656 480000000 4 4781
3.000120157411368 480000000 4 4686
3.0000223620040027 480000000 4 4782
3.9997827849254994 600000000 5 4766
3.999969876866269 600000000 5 4766
4.000048637342441 600000000 5 4813
3.9998588185469797 600000000 5 4766
4.0000869406320785 600000000 5 4751
4.000022875462318 600000000 5 4750
4.000116575282481 600000000 5 4766
3.9999170374251625 600000000 5 4766
3.99991294183796 600000000 5 4765
4.000093370491779 600000000 5 4782
4.999989319152483 720000000 6 4845
5.000142171559829 720000000 6 4861
4.9999495516373695 720000000 6 4877
5.000027940752007 720000000 6 4845
5.000176909778741 720000000 6 4922
4.999728442980097 720000000 6 5032
5.000274015514686 720000000 6 4938
4.99994790703629 720000000 6 5000
4.999689916873539 720000000 6 4954
5.000054912209696 720000000 6 4938
7.000019513865019 960000000 8 5156
7.000092035467421 960000000 8 5111
7.000048437623344 960000000 8 5063
6.999698604448099 960000000 8 5079
6.999985019683687 960000000 8 5079
7.000011757714127 960000000 8 5033
6.999921845781609 960000000 8 5047
6.999842703333575 960000000 8 5252
7.0000084579016395 960000000 8 5220
6.9998570803301 960000000 8 5064
9.000076223791075 1200000000 10 6828
8.999805363298591 1200000000 10 6953
8.9999551493207 1200000000 10 6439
8.999837968841266 1200000000 10 7000
9.000218190000313 1200000000 10 6830
8.999742316720468 1200000000 10 6548
8.99994777514167 1200000000 10 6766
8.999950385282737 1200000000 10 7063
9.000066260691638 1200000000 10 6439
9.000031533083055 1200000000 10 6892
11.0000602954011 1440000000 12 7564
10.999728404293108 1440000000 12 8674
10.999828915944837 1440000000 12 8687
11.000058555307058 1440000000 12 7813
10.99997558253006 1440000000 12 8674
11.000329850823054 1440000000 12 7596
10.999683034523997 1440000000 12 7829
11.000137124797298 1440000000 12 7892
11.000030437933777 1440000000 12 7830
10.999905278486532 1440000000 12 8281
