2.5592531098984775E-4 1200000 1 62
3.6627273820024464E-4 1200000 1 63
2.7370487713744228E-5 1200000 1 63
1.7803716717406935E-4 1200000 1 47
3.1003799164116397E-4 1200000 1 47
3.65840000022464E-4 1200000 1 63
1.4620617855562313E-4 1200000 1 62
1.4938927741748188E-4 1200000 1 62
1.9226333375309664E-4 1200000 1 63
7.870700827389461E-4 1200000 1 63
1.0009850713194395 2400000 2 62
1.000901249716078 2400000 2 62
0.9997510899940004 2400000 2 78
0.9999463200575266 2400000 2 47
0.9995017472498233 2400000 2 62
1.0001330618574211 2400000 2 62
1.0004195407549865 2400000 2 62
1.0008078788161308 2400000 2 62
1.0005479257424141 2400000 2 62
1.0003569398107037 2400000 2 63
1.9998542265596222 3600000 3 78
2.0000038322061284 3600000 3 63
2.0005025176944833 3600000 3 63
2.0009640670294497 3600000 3 62
1.9995900293540894 3600000 3 62
1.9998574096584838 3600000 3 62
1.9990870997339194 3600000 3 63
2.0011338323020813 3600000 3 62
1.9995571373325176 3600000 3 78
1.999925315767537 3600000 3 62
3.0009738326951245 4800000 4 78
3.0006003490953352 4800000 4 78
2.999432151813041 4800000 4 78
2.998831607161107 4800000 4 79
3.0017505088174126 4800000 4 78
2.9989515038849035 4800000 4 78
2.999320743352876 4800000 4 62
3.0014162834369196 4800000 4 63
2.9987562738213773 4800000 4 78
3.000207766902375 4800000 4 62
4.000470058411089 6000000 5 79
3.9996201710149784 6000000 5 78
3.9987671005200056 6000000 5 78
4.000118856503333 6000000 5 78
3.9985506497974006 6000000 5 94
4.000724706320036 6000000 5 78
4.00111304438118 6000000 5 78
4.00060480959624 6000000 5 78
3.9999416640000236 6000000 5 78
3.999466321236656 6000000 5 94
4.998939204227634 7200000 6 93
4.998210274588272 7200000 6 78
4.999414546991002 7200000 6 78
4.999626753581791 7200000 6 94
5.00019652827806 7200000 6 94
5.001141908640025 7200000 6 93
5.001855983818031 7200000 6 79
4.999341335717179 7200000 6 78
4.999950368632744 7200000 6 94
5.000608209064191 7200000 6 93
7.001341815573545 9600000 8 110
6.9999179093493495 9600000 8 94
7.003215599770213 9600000 8 109
6.999984754425448 9600000 8 110
7.000282904685507 9600000 8 109
6.9993226698621855 9600000 8 109
7.000579993912612 9600000 8 109
7.000169374159435 9600000 8 94
7.0014712615939265 9600000 8 110
7.002010266334531 9600000 8 109
9.000648332759843 12000000 10 125
8.998763938233635 12000000 10 141
8.99893476453922 12000000 10 156
9.000356548697507 12000000 10 140
9.000511459508784 12000000 10 141
9.002869074732452 12000000 10 140
8.99820371283395 12000000 10 156
9.000334267005474 12000000 10 172
8.999828154286442 12000000 10 140
8.998025459297688 12000000 10 141
10.999059338133009 14400000 12 156
11.002152249193763 14400000 12 172
10.999408417974857 14400000 12 172
11.00138724443397 14400000 12 172
10.999093291187535 14400000 12 172
10.999242896834042 14400000 12 172
10.998306004735708 14400000 12 156
11.001374512038517 14400000 12 172
11.000448230269722 14400000 12 156
10.997747901401931 14400000 12 172
