6.31674542464831E-5 120000000 1 4048
4.697609136937924E-5 120000000 1 4048
4.3784667511236165E-5 120000000 1 4046
3.9145668169209515E-5 120000000 1 4046
1.616597972003532E-5 120000000 1 4046
8.179086792157814E-5 120000000 1 4046
5.8116937385814224E-5 120000000 1 4046
6.839500054847108E-6 120000000 1 4046
4.745584153186521E-5 120000000 1 4046
3.0622227388086393E-6 120000000 1 4046
1.0000223748996655 120000000 2 2108
0.9999842201546415 120000000 2 2187
0.9998402167621319 120000000 2 2204
0.9999247598679024 120000000 2 2218
0.9998859897237651 120000000 2 2187
0.9999355824040326 120000000 2 2156
1.0000232025053695 120000000 2 2312
0.9998524610824205 120000000 2 2078
0.9999715938624895 120000000 2 2078
0.999918478552815 120000000 2 2187
2.000172027149988 120000000 3 1562
1.9998462688124679 120000000 3 1578
2.000045244322321 120000000 3 1499
2.000005487417537 120000000 3 1500
2.0000320662930333 120000000 3 1578
2.0001252992586966 120000000 3 1531
1.9999729243161801 120000000 3 1562
2.0000617964364027 120000000 3 1562
1.9999639479773896 120000000 3 1546
1.9998707786737038 120000000 3 1531
2.9998479494070334 120000000 4 1187
2.999792818134746 120000000 4 1203
3.0001352346896435 120000000 4 1203
2.9997159569075618 120000000 4 1202
3.000271386438294 120000000 4 1141
3.000141049150231 120000000 4 1156
3.000111764640702 120000000 4 1187
2.999958466599516 120000000 4 1203
3.000335090856849 120000000 4 1187
2.999827025837181 120000000 4 1250
3.999676458813185 120000000 5 1031
3.9999036790202727 120000000 5 1015
4.00024055698315 120000000 5 1016
3.99999704992022 120000000 5 1000
4.000231962616223 120000000 5 984
4.000159547117116 120000000 5 1031
4.000212651816462 120000000 5 999
3.99999450344113 120000000 5 985
3.999780652249262 120000000 5 984
4.000067555560009 120000000 5 1000
5.000491750087166 120000000 6 891
5.0000678249807455 120000000 6 860
5.000038731457149 120000000 6 844
4.9996878903005975 120000000 6 875
4.99998640131186 120000000 6 844
4.999824572565724 120000000 6 875
5.0003561500756515 120000000 6 843
5.000442157406898 120000000 6 860
4.999793187210946 120000000 6 844
5.000227807529542 120000000 6 859
7.000110635375104 120000000 8 672
6.999866682678333 120000000 8 687
6.999799285865098 120000000 8 703
7.000192886649694 120000000 8 688
7.000284475014279 120000000 8 687
6.999513231380715 120000000 8 687
7.000004616962346 120000000 8 719
7.000634955419627 120000000 8 688
7.000070825418672 120000000 8 672
6.999562887722959 120000000 8 672
8.999302624664352 120000000 10 797
9.000505411620946 120000000 10 781
9.000239410659391 120000000 10 781
8.999862319547558 120000000 10 750
9.000211293286112 120000000 10 749
8.99944830448893 120000000 10 765
8.999598652858504 120000000 10 734
9.000498302700153 120000000 10 766
8.99946305284699 120000000 10 734
8.999713987140597 120000000 10 766
10.999380618911466 120000000 12 719
11.000654240428062 120000000 12 734
11.000708480432667 120000000 12 751
11.000128901791904 120000000 12 735
10.999516218922977 120000000 12 719
11.000137559820809 120000000 12 719
11.000177921514378 120000000 12 750
11.000323580118293 120000000 12 765
10.999694981755058 120000000 12 766
11.00136063372748 120000000 12 765
