3.890726208503227E-6 1200000000 1 40370
1.178285258720619E-5 1200000000 1 40459
3.144167115803006E-5 1200000000 1 40304
3.329603043132965E-6 1200000000 1 40351
1.7643835357415084E-5 1200000000 1 40304
5.156701789891065E-6 1200000000 1 40366
1.4315374980995249E-5 1200000000 1 40318
1.6726041852363845E-5 1200000000 1 40305
8.560332238711638E-6 1200000000 1 40304
1.8414145282104493E-5 1200000000 1 40305
3.927315539110016E-5 1200000000 2 21872
2.7470959514228483E-6 1200000000 2 20651
5.571402407517156E-6 1200000000 2 20650
1.1830599070126295E-5 1200000000 2 20625
7.414579915830503E-6 1200000000 2 21008
1.8556650028105E-6 1200000000 2 20953
3.1418328432949514E-5 1200000000 2 20881
5.302063304593499E-6 1200000000 2 20625
2.803330697970055E-6 1200000000 2 21256
1.3377178590423428E-7 1200000000 2 20620
2.8001639053790688E-5 1200000000 3 13776
1.6449112251370682E-5 1200000000 3 15902
7.140833413679834E-6 1200000000 3 14426
2.524115763833352E-6 1200000000 3 15905
2.7365019281616837E-5 1200000000 3 15497
2.251715971495661E-5 1200000000 3 14490
2.6781614424207767E-5 1200000000 3 15957
6.34065129902347E-6 1200000000 3 14782
1.2634698781839961E-5 1200000000 3 14710
5.326303795231636E-6 1200000000 3 15746
7.033505818027243E-6 1200000000 4 11492
8.99747781571932E-6 1200000000 4 11810
4.2419281161981734E-6 1200000000 4 11861
1.1121665789567274E-5 1200000000 4 11874
1.0175387661993667E-5 1200000000 4 11609
9.707472129320077E-6 1200000000 4 12792
3.508754345001015E-6 1200000000 4 12023
2.4351522630209083E-6 1200000000 4 11775
3.6777442615976426E-5 1200000000 4 11747
1.4202905487900835E-5 1200000000 4 11857
2.3109216103335563E-5 1200000000 5 9393
1.3483525145115384E-5 1200000000 5 9514
1.375090544943971E-5 1200000000 5 9341
3.3961217903810444E-7 1200000000 5 9497
9.098439213686925E-6 1200000000 5 9466
1.1399656423460815E-5 1200000000 5 9420
1.3374238750722105E-5 1200000000 5 9371
3.8134340701603754E-6 1200000000 5 9388
4.005317767398396E-6 1200000000 5 9465
2.6711586249248852E-5 1200000000 5 9466
6.671856848105867E-6 1200000000 6 8044
6.098899053064586E-6 1200000000 6 8168
2.44940273755028E-5 1200000000 6 8061
1.2399149466223279E-5 1200000000 6 8023
9.375205547337303E-6 1200000000 6 8138
4.663321466336176E-6 1200000000 6 8108
1.4728280067364794E-5 1200000000 6 8169
8.805594118622657E-6 1200000000 6 8039
4.521143050334876E-6 1200000000 6 8092
2.0882271200263457E-5 1200000000 6 8170
1.3167500592172E-5 1200000000 8 6586
4.943270898687688E-6 1200000000 8 6527
5.480316840762597E-6 1200000000 8 6261
1.7727820228269848E-5 1200000000 8 6230
3.2051358584179017E-7 1200000000 8 6256
1.9809566883840945E-5 1200000000 8 6278
8.350410981177682E-6 1200000000 8 6305
1.450652418001846E-5 1200000000 8 6232
2.1654866252703254E-6 1200000000 8 6233
1.9343610149766687E-5 1200000000 8 6590
5.170495218302772E-6 1200000000 10 6560
1.648853373800647E-5 1200000000 10 6468
1.6119131002672807E-5 1200000000 10 7154
3.746393093715385E-5 1200000000 10 6422
5.071819153478708E-6 1200000000 10 6509
9.025064672684093E-6 1200000000 10 7120
1.867956678782949E-5 1200000000 10 7282
1.1132682638128471E-7 1200000000 10 6593
6.776899110614916E-6 1200000000 10 6997
1.8485234489963786E-5 1200000000 10 6556
3.481665371712684E-5 1200000000 12 6680
1.4664618090090866E-5 1200000000 12 6858
6.823258231059513E-7 1200000000 12 6546
2.3052083591089405E-5 1200000000 12 6862
1.5411422022356946E-5 1200000000 12 6539
6.32914320403802E-6 1200000000 12 6498
1.8346076111562138E-6 1200000000 12 6530
5.190654844258106E-6 1200000000 12 6544
9.39871153976063E-6 1200000000 12 6492
7.000777063903364E-6 1200000000 12 6763
