4.2925230818532886E-5 120000000 1 4171
1.8128890684827017E-5 120000000 1 4046
1.963555747941472E-5 120000000 1 4046
4.479264881748437E-5 120000000 1 4046
5.148776675685803E-5 120000000 1 4046
5.487017654668153E-5 120000000 1 4046
2.19993756334208E-5 120000000 1 4046
1.216025398854225E-6 120000000 1 4046
3.953490420078203E-6 120000000 1 4047
3.4254306251513415E-5 120000000 1 4046
1.9338468252324864E-5 120000000 2 2078
4.8546420141099515E-5 120000000 2 2152
6.11537769672716E-5 120000000 2 2077
2.410022088218821E-5 120000000 2 2076
2.1715182069185057E-5 120000000 2 2090
9.53452375779423E-6 120000000 2 2121
4.540576259751761E-5 120000000 2 2077
1.2952445518632272E-4 120000000 2 2075
7.814091455994617E-5 120000000 2 2081
5.315358849455988E-5 120000000 2 2076
6.59178149305612E-5 120000000 3 1388
1.3765759910893154E-5 120000000 3 1450
3.5400221841737336E-5 120000000 3 1466
3.321677928984246E-5 120000000 3 1466
3.9254056797903844E-5 120000000 3 1388
3.030391750242354E-6 120000000 3 1465
3.062785888230477E-5 120000000 3 1468
3.7702663351895745E-5 120000000 3 1466
2.4802787965203605E-5 120000000 3 1419
4.784613839165173E-5 120000000 3 1491
6.712176100299252E-6 120000000 4 1200
4.846153750482851E-5 120000000 4 1121
1.4741910228433716E-5 120000000 4 1214
1.7124255540501798E-6 120000000 4 1200
6.872955225848696E-5 120000000 4 1153
3.8585606036880995E-5 120000000 4 1208
5.9912368411207464E-5 120000000 4 1168
3.7131990889998005E-5 120000000 4 1152
2.4707294999222034E-5 120000000 4 1185
7.868702020092386E-6 120000000 4 1132
1.0784257310142677E-5 120000000 5 981
3.607095793604509E-5 120000000 5 997
4.660701516873114E-5 120000000 5 990
3.0137498390249592E-5 120000000 5 1001
6.521190168618825E-6 120000000 5 966
1.2193806956553813E-4 120000000 5 996
1.6505510265260674E-5 120000000 5 997
4.4355339973133905E-5 120000000 5 981
5.880660880583414E-5 120000000 5 983
3.993083255506966E-5 120000000 5 997
6.947227532621159E-5 120000000 6 834
7.53610082205867E-5 120000000 6 825
7.0600316419502796E-6 120000000 6 825
4.220372840980532E-5 120000000 6 829
6.377452836351694E-5 120000000 6 824
7.370016531894247E-6 120000000 6 838
5.859440221501529E-5 120000000 6 835
3.0387167463853113E-6 120000000 6 825
7.411959966452256E-5 120000000 6 902
3.580341436423662E-5 120000000 6 842
3.2843132422765926E-5 120000000 8 692
3.59934867791218E-8 120000000 8 653
6.16607874518954E-5 120000000 8 631
3.983762492251434E-5 120000000 8 638
6.984363686014459E-5 120000000 8 654
1.3020580161005832E-4 120000000 8 637
7.385605696531579E-7 120000000 8 638
6.7793557925797E-5 120000000 8 636
1.8372928264212156E-5 120000000 8 636
6.255434046659122E-5 120000000 8 645
6.741721755721996E-6 120000000 10 760
4.64031335741966E-5 120000000 10 700
2.6848296232981404E-5 120000000 10 715
5.3779597937447224E-5 120000000 10 702
2.624579278251738E-5 120000000 10 731
2.554551103292824E-5 120000000 10 762
3.908429152522049E-5 120000000 10 668
6.301719409588311E-7 120000000 10 748
1.4563819959466045E-5 120000000 10 745
8.950955633183733E-6 120000000 10 827
5.23343077867072E-5 120000000 12 760
1.5930267136934492E-5 120000000 12 716
1.0140708190678237E-4 120000000 12 701
5.9035057220157875E-6 120000000 12 778
1.4317497046937363E-5 120000000 12 683
4.1662601603188966E-5 120000000 12 749
2.967064389047638E-5 120000000 12 698
1.7124255539088218E-6 120000000 12 728
8.297693949679401E-5 120000000 12 685
2.3750080007535002E-5 120000000 12 747
