4.087140563580787E-4 1200000 1 109
8.934313722037019E-5 1200000 1 109
4.6388776996334787E-4 1200000 1 93
1.7422577353603836E-4 1200000 1 110
4.3905127384465E-4 1200000 1 109
1.069479592596478E-4 1200000 1 94
1.9289162852926888E-4 1200000 1 109
4.69018190625361E-5 1200000 1 93
6.65484031212989E-4 1200000 1 110
2.5681159983619055E-5 1200000 1 93
2.8307942961470166E-4 1200000 2 94
3.08544220509289E-4 1200000 2 109
8.638971936009128E-4 1200000 2 110
9.530239617323927E-4 1200000 2 109
5.088795680874266E-6 1200000 2 109
2.2153951828585635E-4 1200000 2 110
9.260653997059305E-4 1200000 2 109
1.0270382744383611E-4 1200000 2 109
1.7953093830580294E-4 1200000 2 110
6.608071612193967E-4 1200000 2 109
2.3108881487129127E-4 1200000 3 94
6.283478778249195E-4 1200000 3 94
5.154456465288362E-4 1200000 3 112
5.897179533049751E-4 1200000 3 94
6.862719521141254E-4 1200000 3 111
4.7025396768692404E-4 1200000 3 108
1.9289162852926888E-4 1200000 3 110
2.3108881487129127E-4 1200000 3 109
1.445168508256393E-4 1200000 3 109
4.6345503178542584E-4 1200000 3 108
3.652117052462917E-4 1200000 4 125
8.681413254167246E-4 1200000 4 110
6.028830869301908E-4 1200000 4 109
5.763572630816505E-4 1200000 4 94
1.0631966448347554E-4 1200000 4 94
7.959910845483501E-4 1200000 4 109
7.130557700331189E-5 1200000 4 109
0.0011100568389164353 1200000 4 110
4.3905127384465E-4 1200000 4 109
3.5672344161480975E-4 1200000 4 109
8.369386315744506E-4 1200000 5 157
7.236660995726482E-5 1200000 5 109
1.992578262529864E-4 1200000 5 140
3.691978429917915E-5 1200000 5 187
5.536428328708586E-4 1200000 5 156
3.053611216475716E-4 1200000 5 141
5.0589634994326E-4 1200000 5 94
0.0011376436957190698 1200000 5 125
7.236660995726482E-5 1200000 5 297
6.241037460091079E-4 1200000 5 156
1.0907002516755364E-4 1200000 6 187
2.0456299102260964E-4 1200000 6 141
1.5363340923329357E-4 1200000 6 93
3.403752091277353E-4 1200000 6 156
5.292390749300828E-4 1200000 6 110
2.883845943843249E-4 1200000 6 234
4.2313577953549756E-4 1200000 6 203
2.3214984782524422E-4 1200000 6 109
7.01126413469325E-4 1200000 6 203
4.3311781429885454E-4 1200000 6 140
4.584078610858318E-5 1200000 8 125
9.315453085825984E-5 1200000 8 110
3.4293001321342176E-4 1200000 8 109
9.739866267407152E-5 1200000 8 187
3.923658238711456E-4 1200000 8 140
1.355958490160939E-4 1200000 8 125
8.509900540455851E-5 1200000 8 172
3.8324926546335E-4 1200000 8 189
3.174652223188344E-4 1200000 8 219
4.4160607793047787E-4 1200000 8 109
8.660192595088187E-4 1200000 10 235
2.989949239238541E-4 1200000 10 109
2.2939948714130747E-4 1200000 10 360
3.132210905030227E-4 1200000 10 125
3.641506722923388E-4 1200000 10 250
6.092492846539084E-4 1200000 10 125
2.7290183825309447E-4 1200000 10 125
5.349769778776281E-4 1200000 10 109
5.114595087834778E-5 1200000 10 203
7.75831458423386E-4 1200000 10 219
1.4938927741748188E-4 1200000 12 110
1.4832824446352896E-4 1200000 12 297
4.17830614765733E-4 1200000 12 203
1.3241275015437652E-4 1200000 12 102
3.3294797845006484E-4 1200000 12 406
1.7104267467417958E-4 1200000 12 188
4.676991636012375E-4 1200000 12 110
4.783094931407667E-4 1200000 12 110
2.9836662914768186E-4 1200000 12 157
4.974080863117779E-4 1200000 12 266
