4.410069206417955E-5 120000000 1 10046
4.1047202490012186E-5 120000000 1 10267
1.344745002466487E-5 120000000 1 8720
1.7154136016251907E-4 120000000 1 10468
3.8657593010439235E-5 120000000 1 10298
4.759875465076768E-6 120000000 1 10124
3.925177146461895E-5 120000000 1 10141
3.6272554197294726E-5 120000000 1 9765
7.582223122571745E-6 120000000 1 10406
6.370360221788999E-6 120000000 1 10202
6.489693796145888E-5 120000000 2 10342
2.1630299432772703E-5 120000000 2 10281
5.586983285664542E-5 120000000 2 10853
3.985321408644488E-6 120000000 2 10844
4.743462087272678E-5 120000000 2 10766
8.21303984668035E-5 120000000 2 10859
1.5784007856533105E-5 120000000 2 10530
8.601149374496649E-5 120000000 2 11047
6.0398158236692846E-5 120000000 2 10828
8.523693968867557E-5 120000000 2 10578
3.430964323250303E-5 120000000 3 10482
2.5766042619890056E-5 120000000 3 10780
3.0933273105678944E-5 120000000 3 10776
3.221940831316347E-5 120000000 3 10527
2.2625385076308152E-5 120000000 3 10641
1.2884539409573065E-4 120000000 3 10294
7.512758097077077E-5 120000000 3 10500
1.1940783230077169E-5 120000000 3 10628
1.089214805540087E-4 120000000 3 10331
9.18577853212061E-5 120000000 3 10422
1.251374102511845E-5 120000000 4 10470
2.7954055838354723E-5 120000000 4 10515
2.3073304250227833E-5 120000000 4 10436
3.809753087811071E-5 120000000 4 10206
2.359092506442086E-5 120000000 4 10265
2.626472810822955E-5 120000000 4 10531
7.250454424124053E-5 120000000 4 10392
1.5824163841525064E-5 120000000 4 10453
6.8334684732272E-5 120000000 4 10542
7.305856671056964E-5 120000000 4 10207
3.394889202813924E-5 120000000 5 10516
6.494166461287928E-5 120000000 5 10062
1.3150360797575015E-5 120000000 5 10203
5.98006336214383E-6 120000000 5 10549
5.425477743336339E-5 120000000 5 10516
5.407105566961191E-6 120000000 5 10720
2.9538341101143125E-6 120000000 5 9845
9.969547269001154E-6 120000000 5 10782
7.597640733390483E-5 120000000 5 10532
7.015966141308799E-5 120000000 5 10235
3.7312366492109214E-5 120000000 6 11000
1.0572050719465179E-5 120000000 6 10798
2.759330463399094E-5 120000000 6 9954
4.7740035096100946E-5 120000000 6 10359
5.2206983832300697E-5 120000000 6 10829
5.837158529476858E-5 120000000 6 10673
9.396924089954271E-5 120000000 6 9656
4.250579647168058E-6 120000000 6 10906
1.041127159392987E-4 120000000 6 10282
6.149828634685828E-6 120000000 6 10702
4.646679555147053E-5 120000000 8 10078
5.713246207184798E-5 120000000 8 10499
1.0675468799468247E-4 120000000 8 10719
3.560181810298697E-5 120000000 8 10594
1.5070830444231213E-5 120000000 8 10485
5.986992709307196E-5 120000000 8 10656
3.643170914040887E-5 120000000 8 10437
4.839126606988028E-7 120000000 8 10639
2.0919407353614352E-5 120000000 8 10955
4.83258885541377E-5 120000000 8 10626
1.4648702595878401E-5 120000000 10 11031
3.0095057071972733E-5 120000000 10 10516
5.736025782758689E-6 120000000 10 10205
2.3402224465883974E-5 120000000 10 9627
5.281405794933452E-5 120000000 10 10234
1.3670266944911583E-5 120000000 10 10971
3.8965292566956945E-5 120000000 10 11202
4.1734588576888566E-5 120000000 10 11266
3.500763964880727E-5 120000000 10 10485
8.662191402378194E-6 120000000 10 10594
4.068645128564841E-5 120000000 12 11360
4.133866022189415E-6 120000000 12 10140
4.5874902430434363E-5 120000000 12 10407
2.4991488563599135E-5 120000000 12 11110
2.5317062617615E-6 120000000 12 12031
1.4603975944458004E-5 120000000 12 10703
6.794210253934192E-5 120000000 12 10314
5.3130082502136546E-5 120000000 12 11453
4.5151114688563254E-5 120000000 12 11625
9.693678700908371E-6 120000000 12 10563
