9.814971073808046E-5 120000000 1 4046
5.701574844686934E-5 120000000 1 4046
1.2456110629506837E-4 120000000 1 4109
7.303506071828766E-5 120000000 1 4046
4.998109996227033E-5 120000000 1 4046
1.051067407547615E-5 120000000 1 4046
8.899528167886052E-5 120000000 1 4046
1.3702097933619226E-5 120000000 1 4031
2.7720628588538797E-5 120000000 1 4046
7.003462279182503E-5 120000000 1 4046
4.3317813011462954E-5 240000000 2 4142
3.350627801900417E-5 240000000 2 4296
6.748985923792296E-7 240000000 2 4253
7.220214984936607E-5 240000000 2 4186
1.95749153336405E-5 240000000 2 4291
2.8689514738433132E-6 240000000 2 4168
1.2863881899913018E-5 240000000 2 4374
5.427599809250183E-5 240000000 2 5139
1.126702730426971E-5 240000000 2 4140
5.881419930390365E-5 240000000 2 4137
2.0556370816107025E-5 360000000 3 4375
2.4710831775745105E-5 360000000 3 4545
4.102723327411193E-5 360000000 3 4672
1.6482004272837346E-5 360000000 3 4405
3.845101791383876E-6 360000000 3 4407
4.828325661970582E-6 360000000 3 4421
6.462689150317407E-5 360000000 3 4624
4.618739020685467E-5 360000000 3 4778
2.0869892482432707E-5 360000000 3 4568
1.777874980989109E-5 360000000 3 4576
6.598115057783592E-6 480000000 4 4672
1.4956402152537471E-5 480000000 4 4732
7.107778124870386E-6 480000000 4 4594
3.6392287653773075E-5 480000000 4 4905
4.358837641477113E-5 480000000 4 4641
4.011916590442845E-5 480000000 4 4827
1.1041557801560014E-5 480000000 4 4730
2.4786872470849784E-5 480000000 4 4667
2.7858562872514508E-5 480000000 4 4531
1.0335603638008187E-5 480000000 4 4576
3.866322450522305E-6 600000000 5 4788
8.520176253861037E-6 600000000 5 4748
8.07666447916837E-6 600000000 5 4749
4.4554977435784214E-5 600000000 5 4852
1.2730355015164317E-5 600000000 5 4775
1.763020519648752E-5 600000000 5 4794
1.6817453953803972E-5 600000000 5 4832
1.0983731505591562E-5 600000000 5 4704
5.142181944644056E-5 600000000 5 4858
7.132345150194092E-6 600000000 5 4885
1.4811394315515614E-5 720000000 6 4845
3.229898578479122E-5 720000000 6 4858
2.9080519157843105E-5 720000000 6 4843
1.3458060354234084E-5 720000000 6 4858
1.6363522259597167E-5 720000000 6 4895
2.7464212291181548E-5 720000000 6 4884
6.341502860239132E-5 720000000 6 4858
1.9731050445254932E-5 720000000 6 4906
2.1212959804322493E-5 720000000 6 4906
8.88873571459621E-7 720000000 6 4876
1.957756791610348E-5 960000000 8 5013
5.75857273305793E-6 960000000 8 4993
1.5098682559173705E-5 960000000 8 5031
1.1078326705874181E-5 960000000 8 5063
2.8210397287647973E-5 960000000 8 5026
2.3048471966643695E-5 960000000 8 5042
1.786267340417936E-5 960000000 8 5021
1.4479304572373129E-5 960000000 8 5000
4.843729701433173E-5 960000000 8 5024
7.456592708362784E-6 960000000 8 5154
2.150085341242409E-5 1200000000 10 6564
1.5114332795267092E-5 1200000000 10 6580
6.2377311025978926E-6 1200000000 10 6673
7.121734820624878E-6 1200000000 10 7360
5.7222323542056235E-6 1200000000 10 6673
1.5766868061936122E-5 1200000000 10 6622
4.535834244445535E-6 1200000000 10 6809
4.238908284698465E-6 1200000000 10 6818
3.5004293487166993E-6 1200000000 10 6766
2.3803294922441143E-5 1200000000 10 6970
1.8680995069907953E-5 1440000000 12 8172
1.1824260220264042E-6 1440000000 12 8011
3.3172378969410778E-6 1440000000 12 8354
1.1832544297369479E-5 1440000000 12 8657
2.534958718564129E-5 1440000000 12 8178
7.454382223000525E-6 1440000000 12 8095
3.213754550839218E-5 1440000000 12 7938
2.076713534795676E-6 1440000000 12 7780
3.369814814488604E-5 1440000000 12 7971
3.5886854941679854E-6 1440000000 12 7789
