9.424136321930049E-4 1200000 1 47
6.92638149837843E-4 1200000 1 47
2.852014955226075E-4 1200000 1 47
4.7025396768692404E-4 1200000 1 47
9.313705644756951E-4 1200000 1 47
3.1491041823300656E-4 1200000 1 47
4.691929347329711E-4 1200000 1 46
3.7688306773977386E-4 1200000 1 47
2.506201462202245E-4 1200000 1 47
1.6848787058849308E-4 1200000 1 47
4.1146441704215683E-4 1200000 2 42
0.0011817743416068878 1200000 2 44
3.287038466343945E-4 1200000 2 44
0.0018491640696388925 1200000 2 43
3.997930545486747E-4 1200000 2 45
8.146569395415806E-4 1200000 2 42
3.479771839127331E-5 1200000 2 43
1.8440336489764552E-4 1200000 2 44
8.446638650625857E-7 1200000 2 43
1.016427944898832E-4 1200000 2 44
3.859996261474281E-4 1200000 3 38
4.17830614765733E-4 1200000 3 27
9.421556381221276E-5 1200000 3 29
2.13051254654233E-4 1200000 3 27
4.358681749829326E-4 1200000 3 27
0.0010385348928242332 1200000 3 37
6.894550509759842E-4 1200000 3 28
5.114595087834778E-5 1200000 3 29
3.238314200424106E-4 1200000 3 37
4.984691192655895E-4 1200000 3 30
5.4957344516237433E-5 1200000 4 29
2.1636908889033428E-7 1200000 4 31
4.222494906894375E-5 1200000 4 30
2.6759667348332986E-4 1200000 4 27
1.1268586220719306E-4 1200000 4 28
8.616003835851142E-5 1200000 4 33
4.7131500064087693E-4 1200000 4 29
7.923752475087107E-4 1200000 4 30
1.0058176153593028E-4 1200000 4 30
4.8467569086434284E-4 1200000 4 28
5.122625476669774E-4 1200000 5 31
1.5088304854921547E-4 1200000 5 28
2.65474607575424E-4 1200000 5 17
1.1374689516114598E-4 1200000 5 32
9.94404246936274E-4 1200000 5 32
3.4823517798318636E-4 1200000 5 29
6.151827441997038E-4 1200000 5 29
1.748540683122106E-4 1200000 5 29
8.082907418178631E-4 1200000 5 20
3.471741450292334E-4 1200000 5 28
0.0010417179916859505 1200000 6 29
1.0826698628419534E-5 1200000 6 33
2.533705069041613E-4 1200000 6 29
5.10140481759213E-4 1200000 6 24
5.122625476669774E-4 1200000 6 30
2.8457320074643525E-4 1200000 6 32
5.8573181556018215E-5 1200000 6 27
5.090794488051187E-4 1200000 6 29
1.387789478779527E-4 1200000 6 27
6.241037460091079E-4 1200000 6 29
5.578869646866702E-4 1200000 8 26
2.973055961937289E-4 1200000 8 28
4.859114679266127E-5 1200000 8 37
5.625638346802626E-4 1200000 8 43
1.1692999402300474E-4 1200000 8 28
2.96244563239776E-4 1200000 8 28
1.7273200240430477E-4 1200000 8 39
4.15966542927715E-5 1200000 8 22
4.8043155904867256E-4 1200000 8 28
8.486099940677914E-4 1200000 8 13
6.304699437328254E-4 1200000 10 34
4.072202852263451E-4 1200000 10 67
6.325920096407313E-4 1200000 10 29
4.74065361324955E-4 1200000 10 28
1.207413876608944E-4 1200000 10 71
3.1491041823300656E-4 1200000 10 48
4.7194329541704917E-4 1200000 10 31
5.920147633204911E-5 1200000 10 29
4.225074847594667E-4 1200000 10 30
1.1649725584508272E-4 1200000 10 28
3.036717939174464E-4 1200000 12 31
3.637179341145581E-4 1200000 12 46
0.0014862907993893968 1200000 12 44
1.1437518993717688E-4 1200000 12 44
9.498408628706754E-4 1200000 12 42
8.297693949679401E-5 1200000 12 41
4.411733397526972E-4 1200000 12 42
8.678833313468367E-5 1200000 12 61
0.001049145222363621 1200000 12 37
5.158783847066168E-4 1200000 12 43
