8.857461474560021E-4 1200000 1 47
4.49033308608007E-4 1200000 1 47
2.3108881487129127E-4 1200000 1 47
1.530051144571213E-4 1200000 1 47
3.673337711541976E-4 1200000 1 47
7.23840843680117E-4 1200000 1 47
6.918351109540606E-5 1200000 1 47
6.453244050880249E-4 1200000 1 47
1.041975985755697E-4 1200000 1 47
2.0350195806865672E-4 1200000 1 47
1.816530042137088E-4 2400000 2 61
1.7316474058208544E-4 2400000 2 60
6.512578646339618E-4 2400000 2 64
2.633525416675182E-4 2400000 2 63
5.707941042414327E-5 2400000 2 62
3.238314200424106E-4 2400000 2 61
3.027085392626186E-4 2400000 2 61
9.474608028925989E-5 2400000 2 62
3.015497280095406E-4 2400000 2 61
1.5363340923329357E-4 2400000 2 64
3.806944613778049E-4 3600000 3 60
1.3630320431887055E-4 3600000 3 54
4.735118029415268E-6 3600000 3 61
3.13495707627736E-4 3600000 3 61
1.3567490954255695E-4 3600000 3 61
2.6433451409500807E-4 3600000 3 62
3.298439401146691E-4 3600000 3 63
1.7803716717406935E-4 3600000 3 62
5.680479329943002E-5 3600000 3 70
3.159714511871008E-4 3600000 3 64
3.652117052462917E-4 4800000 4 77
2.9793389096990116E-4 4800000 4 80
3.6866006234667403E-4 4800000 4 66
7.740651648850585E-5 4800000 4 65
4.1517803238092134E-4 4800000 4 63
5.681342576885508E-4 4800000 4 68
2.4902859678922447E-4 4800000 4 59
3.737977471770402E-4 4800000 4 62
1.4292530139463924E-4 4800000 4 61
2.4222966088772627E-4 4800000 4 64
1.9374045489240296E-4 6000000 5 77
2.715828112292537E-5 6000000 5 77
1.9374045489240296E-4 6000000 5 61
5.4957344516237433E-5 6000000 5 64
2.5681159983619055E-5 6000000 5 63
5.041986972169918E-4 6000000 5 63
2.472248407675469E-4 6000000 5 78
7.42764692743518E-5 6000000 5 81
2.6420136803065227E-4 6000000 5 62
1.9862953147681416E-4 6000000 5 76
3.0376957221657156E-4 7200000 6 81
1.3730856242730573E-7 7200000 6 81
3.180935170948653E-4 7200000 6 63
1.1816786580254581E-4 7200000 6 77
9.4117785513229E-5 7200000 6 76
1.5247669269819355E-5 7200000 6 73
8.625781665763653E-5 7200000 6 72
2.870489443056587E-4 7200000 6 60
1.1932667705562383E-4 7200000 6 73
7.706219772337789E-5 7200000 6 79
2.0990300661244025E-4 9600000 8 67
1.3921168605587471E-4 9600000 8 71
1.2913187299339266E-4 9600000 8 78
2.9394775322383596E-5 9600000 8 81
1.1069642541847833E-4 9600000 8 79
1.6772694669312972E-4 9600000 8 79
1.353654415977777E-4 9600000 8 76
3.1345149792133894E-4 9600000 8 75
1.617586363271269E-4 9600000 8 75
2.6265454525121394E-4 9600000 8 76
1.7517237819829752E-4 12000000 10 92
3.140241293859569E-5 12000000 10 112
2.9825220085612946E-4 12000000 10 91
8.059687951772813E-6 12000000 10 107
9.251791108594463E-5 12000000 10 92
2.2038070703277833E-4 12000000 10 92
4.460500904702014E-6 12000000 10 104
7.958163404397505E-5 12000000 10 92
2.0700336681674377E-4 12000000 10 100
2.0636674704442855E-4 12000000 10 126
1.458431420181158E-4 14400000 12 110
6.715922348676669E-5 14400000 12 117
2.1551763932712545E-4 14400000 12 123
1.9987676214268626E-4 14400000 12 125
3.152620011662048E-5 14400000 12 108
9.19957196051818E-5 14400000 12 108
8.015687717258394E-5 14400000 12 106
6.76013205508784E-5 14400000 12 124
6.785721990292958E-5 14400000 12 109
1.590176345295212E-4 14400000 12 120
